{
 "cells": [
  {
   "cell_type": "code",
   "execution_count": 1,
   "metadata": {},
   "outputs": [],
   "source": [
    "import warnings\n",
    "warnings.filterwarnings('ignore')"
   ]
  },
  {
   "cell_type": "code",
   "execution_count": 2,
   "metadata": {},
   "outputs": [],
   "source": [
    "import pandas as pd\n",
    "import numpy as np\n",
    "from sklearn.model_selection import train_test_split\n",
    "import matplotlib.pyplot as plt\n",
    "import seaborn as sns"
   ]
  },
  {
   "cell_type": "code",
   "execution_count": 3,
   "metadata": {},
   "outputs": [],
   "source": [
    "data= pd.read_csv('music_data.csv')"
   ]
  },
  {
   "cell_type": "code",
   "execution_count": 83,
   "metadata": {},
   "outputs": [
    {
     "data": {
      "text/html": [
       "<div>\n",
       "<style scoped>\n",
       "    .dataframe tbody tr th:only-of-type {\n",
       "        vertical-align: middle;\n",
       "    }\n",
       "\n",
       "    .dataframe tbody tr th {\n",
       "        vertical-align: top;\n",
       "    }\n",
       "\n",
       "    .dataframe thead th {\n",
       "        text-align: right;\n",
       "    }\n",
       "</style>\n",
       "<table border=\"1\" class=\"dataframe\">\n",
       "  <thead>\n",
       "    <tr style=\"text-align: right;\">\n",
       "      <th></th>\n",
       "      <th>acousticness</th>\n",
       "      <th>artists</th>\n",
       "      <th>danceability</th>\n",
       "      <th>duration_ms</th>\n",
       "      <th>energy</th>\n",
       "      <th>explicit</th>\n",
       "      <th>id</th>\n",
       "      <th>instrumentalness</th>\n",
       "      <th>key</th>\n",
       "      <th>liveness</th>\n",
       "      <th>loudness</th>\n",
       "      <th>mode</th>\n",
       "      <th>name</th>\n",
       "      <th>popularity</th>\n",
       "      <th>release_date</th>\n",
       "      <th>speechiness</th>\n",
       "      <th>tempo</th>\n",
       "      <th>valence</th>\n",
       "      <th>year</th>\n",
       "    </tr>\n",
       "  </thead>\n",
       "  <tbody>\n",
       "    <tr>\n",
       "      <th>0</th>\n",
       "      <td>0.995</td>\n",
       "      <td>['Carl Woitschach']</td>\n",
       "      <td>0.708</td>\n",
       "      <td>158648</td>\n",
       "      <td>0.1950</td>\n",
       "      <td>0</td>\n",
       "      <td>6KbQ3uYMLKb5jDxLF7wYDD</td>\n",
       "      <td>0.563</td>\n",
       "      <td>10</td>\n",
       "      <td>0.1510</td>\n",
       "      <td>-12.428</td>\n",
       "      <td>1</td>\n",
       "      <td>Singende Bataillone 1. Teil</td>\n",
       "      <td>0</td>\n",
       "      <td>1928</td>\n",
       "      <td>0.0506</td>\n",
       "      <td>118.469</td>\n",
       "      <td>0.7790</td>\n",
       "      <td>1928</td>\n",
       "    </tr>\n",
       "    <tr>\n",
       "      <th>1</th>\n",
       "      <td>0.994</td>\n",
       "      <td>['Robert Schumann', 'Vladimir Horowitz']</td>\n",
       "      <td>0.379</td>\n",
       "      <td>282133</td>\n",
       "      <td>0.0135</td>\n",
       "      <td>0</td>\n",
       "      <td>6KuQTIu1KoTTkLXKrwlLPV</td>\n",
       "      <td>0.901</td>\n",
       "      <td>8</td>\n",
       "      <td>0.0763</td>\n",
       "      <td>-28.454</td>\n",
       "      <td>1</td>\n",
       "      <td>Fantasiestücke, Op. 111: Più tosto lento</td>\n",
       "      <td>0</td>\n",
       "      <td>1928</td>\n",
       "      <td>0.0462</td>\n",
       "      <td>83.972</td>\n",
       "      <td>0.0767</td>\n",
       "      <td>1928</td>\n",
       "    </tr>\n",
       "    <tr>\n",
       "      <th>2</th>\n",
       "      <td>0.604</td>\n",
       "      <td>['Seweryn Goszczyński']</td>\n",
       "      <td>0.749</td>\n",
       "      <td>104300</td>\n",
       "      <td>0.2200</td>\n",
       "      <td>0</td>\n",
       "      <td>6L63VW0PibdM1HDSBoqnoM</td>\n",
       "      <td>0.000</td>\n",
       "      <td>5</td>\n",
       "      <td>0.1190</td>\n",
       "      <td>-19.924</td>\n",
       "      <td>0</td>\n",
       "      <td>Chapter 1.18 - Zamek kaniowski</td>\n",
       "      <td>0</td>\n",
       "      <td>1928</td>\n",
       "      <td>0.9290</td>\n",
       "      <td>107.177</td>\n",
       "      <td>0.8800</td>\n",
       "      <td>1928</td>\n",
       "    </tr>\n",
       "    <tr>\n",
       "      <th>3</th>\n",
       "      <td>0.995</td>\n",
       "      <td>['Francisco Canaro']</td>\n",
       "      <td>0.781</td>\n",
       "      <td>180760</td>\n",
       "      <td>0.1300</td>\n",
       "      <td>0</td>\n",
       "      <td>6M94FkXd15sOAOQYRnWPN8</td>\n",
       "      <td>0.887</td>\n",
       "      <td>1</td>\n",
       "      <td>0.1110</td>\n",
       "      <td>-14.734</td>\n",
       "      <td>0</td>\n",
       "      <td>Bebamos Juntos - Instrumental (Remasterizado)</td>\n",
       "      <td>0</td>\n",
       "      <td>1928-09-25</td>\n",
       "      <td>0.0926</td>\n",
       "      <td>108.003</td>\n",
       "      <td>0.7200</td>\n",
       "      <td>1928</td>\n",
       "    </tr>\n",
       "    <tr>\n",
       "      <th>4</th>\n",
       "      <td>0.990</td>\n",
       "      <td>['Frédéric Chopin', 'Vladimir Horowitz']</td>\n",
       "      <td>0.210</td>\n",
       "      <td>687733</td>\n",
       "      <td>0.2040</td>\n",
       "      <td>0</td>\n",
       "      <td>6N6tiFZ9vLTSOIxkj8qKrd</td>\n",
       "      <td>0.908</td>\n",
       "      <td>11</td>\n",
       "      <td>0.0980</td>\n",
       "      <td>-16.829</td>\n",
       "      <td>1</td>\n",
       "      <td>Polonaise-Fantaisie in A-Flat Major, Op. 61</td>\n",
       "      <td>1</td>\n",
       "      <td>1928</td>\n",
       "      <td>0.0424</td>\n",
       "      <td>62.149</td>\n",
       "      <td>0.0693</td>\n",
       "      <td>1928</td>\n",
       "    </tr>\n",
       "  </tbody>\n",
       "</table>\n",
       "</div>"
      ],
      "text/plain": [
       "   acousticness                                   artists  danceability  \\\n",
       "0         0.995                       ['Carl Woitschach']         0.708   \n",
       "1         0.994  ['Robert Schumann', 'Vladimir Horowitz']         0.379   \n",
       "2         0.604                   ['Seweryn Goszczyński']         0.749   \n",
       "3         0.995                      ['Francisco Canaro']         0.781   \n",
       "4         0.990  ['Frédéric Chopin', 'Vladimir Horowitz']         0.210   \n",
       "\n",
       "   duration_ms  energy  explicit                      id  instrumentalness  \\\n",
       "0       158648  0.1950         0  6KbQ3uYMLKb5jDxLF7wYDD             0.563   \n",
       "1       282133  0.0135         0  6KuQTIu1KoTTkLXKrwlLPV             0.901   \n",
       "2       104300  0.2200         0  6L63VW0PibdM1HDSBoqnoM             0.000   \n",
       "3       180760  0.1300         0  6M94FkXd15sOAOQYRnWPN8             0.887   \n",
       "4       687733  0.2040         0  6N6tiFZ9vLTSOIxkj8qKrd             0.908   \n",
       "\n",
       "   key  liveness  loudness  mode  \\\n",
       "0   10    0.1510   -12.428     1   \n",
       "1    8    0.0763   -28.454     1   \n",
       "2    5    0.1190   -19.924     0   \n",
       "3    1    0.1110   -14.734     0   \n",
       "4   11    0.0980   -16.829     1   \n",
       "\n",
       "                                            name  popularity release_date  \\\n",
       "0                    Singende Bataillone 1. Teil           0         1928   \n",
       "1       Fantasiestücke, Op. 111: Più tosto lento           0         1928   \n",
       "2                 Chapter 1.18 - Zamek kaniowski           0         1928   \n",
       "3  Bebamos Juntos - Instrumental (Remasterizado)           0   1928-09-25   \n",
       "4    Polonaise-Fantaisie in A-Flat Major, Op. 61           1         1928   \n",
       "\n",
       "   speechiness    tempo  valence  year  \n",
       "0       0.0506  118.469   0.7790  1928  \n",
       "1       0.0462   83.972   0.0767  1928  \n",
       "2       0.9290  107.177   0.8800  1928  \n",
       "3       0.0926  108.003   0.7200  1928  \n",
       "4       0.0424   62.149   0.0693  1928  "
      ]
     },
     "execution_count": 83,
     "metadata": {},
     "output_type": "execute_result"
    }
   ],
   "source": [
    "data.head()"
   ]
  },
  {
   "cell_type": "code",
   "execution_count": 84,
   "metadata": {
    "scrolled": false
   },
   "outputs": [
    {
     "name": "stdout",
     "output_type": "stream",
     "text": [
      "<class 'pandas.core.frame.DataFrame'>\n",
      "RangeIndex: 169909 entries, 0 to 169908\n",
      "Data columns (total 19 columns):\n",
      " #   Column            Non-Null Count   Dtype  \n",
      "---  ------            --------------   -----  \n",
      " 0   acousticness      169909 non-null  float64\n",
      " 1   artists           169909 non-null  object \n",
      " 2   danceability      169909 non-null  float64\n",
      " 3   duration_ms       169909 non-null  int64  \n",
      " 4   energy            169909 non-null  float64\n",
      " 5   explicit          169909 non-null  int64  \n",
      " 6   id                169909 non-null  object \n",
      " 7   instrumentalness  169909 non-null  float64\n",
      " 8   key               169909 non-null  int64  \n",
      " 9   liveness          169909 non-null  float64\n",
      " 10  loudness          169909 non-null  float64\n",
      " 11  mode              169909 non-null  int64  \n",
      " 12  name              169909 non-null  object \n",
      " 13  popularity        169909 non-null  int64  \n",
      " 14  release_date      169909 non-null  object \n",
      " 15  speechiness       169909 non-null  float64\n",
      " 16  tempo             169909 non-null  float64\n",
      " 17  valence           169909 non-null  float64\n",
      " 18  year              169909 non-null  int64  \n",
      "dtypes: float64(9), int64(6), object(4)\n",
      "memory usage: 24.6+ MB\n"
     ]
    }
   ],
   "source": [
    "data.info()"
   ]
  },
  {
   "cell_type": "code",
   "execution_count": 85,
   "metadata": {},
   "outputs": [
    {
     "data": {
      "text/html": [
       "<div>\n",
       "<style scoped>\n",
       "    .dataframe tbody tr th:only-of-type {\n",
       "        vertical-align: middle;\n",
       "    }\n",
       "\n",
       "    .dataframe tbody tr th {\n",
       "        vertical-align: top;\n",
       "    }\n",
       "\n",
       "    .dataframe thead th {\n",
       "        text-align: right;\n",
       "    }\n",
       "</style>\n",
       "<table border=\"1\" class=\"dataframe\">\n",
       "  <thead>\n",
       "    <tr style=\"text-align: right;\">\n",
       "      <th></th>\n",
       "      <th>acousticness</th>\n",
       "      <th>danceability</th>\n",
       "      <th>duration_ms</th>\n",
       "      <th>energy</th>\n",
       "      <th>explicit</th>\n",
       "      <th>instrumentalness</th>\n",
       "      <th>key</th>\n",
       "      <th>liveness</th>\n",
       "      <th>loudness</th>\n",
       "      <th>mode</th>\n",
       "      <th>popularity</th>\n",
       "      <th>speechiness</th>\n",
       "      <th>tempo</th>\n",
       "      <th>valence</th>\n",
       "      <th>year</th>\n",
       "    </tr>\n",
       "  </thead>\n",
       "  <tbody>\n",
       "    <tr>\n",
       "      <th>count</th>\n",
       "      <td>169909.000000</td>\n",
       "      <td>169909.000000</td>\n",
       "      <td>1.699090e+05</td>\n",
       "      <td>169909.000000</td>\n",
       "      <td>169909.000000</td>\n",
       "      <td>169909.000000</td>\n",
       "      <td>169909.000000</td>\n",
       "      <td>169909.000000</td>\n",
       "      <td>169909.000000</td>\n",
       "      <td>169909.000000</td>\n",
       "      <td>169909.000000</td>\n",
       "      <td>169909.000000</td>\n",
       "      <td>169909.000000</td>\n",
       "      <td>169909.000000</td>\n",
       "      <td>169909.000000</td>\n",
       "    </tr>\n",
       "    <tr>\n",
       "      <th>mean</th>\n",
       "      <td>0.493214</td>\n",
       "      <td>0.538150</td>\n",
       "      <td>2.314062e+05</td>\n",
       "      <td>0.488593</td>\n",
       "      <td>0.084863</td>\n",
       "      <td>0.161937</td>\n",
       "      <td>5.200519</td>\n",
       "      <td>0.206690</td>\n",
       "      <td>-11.370289</td>\n",
       "      <td>0.708556</td>\n",
       "      <td>31.556610</td>\n",
       "      <td>0.094058</td>\n",
       "      <td>116.948017</td>\n",
       "      <td>0.532095</td>\n",
       "      <td>1977.223231</td>\n",
       "    </tr>\n",
       "    <tr>\n",
       "      <th>std</th>\n",
       "      <td>0.376627</td>\n",
       "      <td>0.175346</td>\n",
       "      <td>1.213219e+05</td>\n",
       "      <td>0.267390</td>\n",
       "      <td>0.278679</td>\n",
       "      <td>0.309329</td>\n",
       "      <td>3.515257</td>\n",
       "      <td>0.176796</td>\n",
       "      <td>5.666765</td>\n",
       "      <td>0.454429</td>\n",
       "      <td>21.582614</td>\n",
       "      <td>0.149937</td>\n",
       "      <td>30.726937</td>\n",
       "      <td>0.262408</td>\n",
       "      <td>25.593168</td>\n",
       "    </tr>\n",
       "    <tr>\n",
       "      <th>min</th>\n",
       "      <td>0.000000</td>\n",
       "      <td>0.000000</td>\n",
       "      <td>5.108000e+03</td>\n",
       "      <td>0.000000</td>\n",
       "      <td>0.000000</td>\n",
       "      <td>0.000000</td>\n",
       "      <td>0.000000</td>\n",
       "      <td>0.000000</td>\n",
       "      <td>-60.000000</td>\n",
       "      <td>0.000000</td>\n",
       "      <td>0.000000</td>\n",
       "      <td>0.000000</td>\n",
       "      <td>0.000000</td>\n",
       "      <td>0.000000</td>\n",
       "      <td>1921.000000</td>\n",
       "    </tr>\n",
       "    <tr>\n",
       "      <th>25%</th>\n",
       "      <td>0.094500</td>\n",
       "      <td>0.417000</td>\n",
       "      <td>1.710400e+05</td>\n",
       "      <td>0.263000</td>\n",
       "      <td>0.000000</td>\n",
       "      <td>0.000000</td>\n",
       "      <td>2.000000</td>\n",
       "      <td>0.098400</td>\n",
       "      <td>-14.470000</td>\n",
       "      <td>0.000000</td>\n",
       "      <td>12.000000</td>\n",
       "      <td>0.034900</td>\n",
       "      <td>93.516000</td>\n",
       "      <td>0.322000</td>\n",
       "      <td>1957.000000</td>\n",
       "    </tr>\n",
       "    <tr>\n",
       "      <th>50%</th>\n",
       "      <td>0.492000</td>\n",
       "      <td>0.548000</td>\n",
       "      <td>2.086000e+05</td>\n",
       "      <td>0.481000</td>\n",
       "      <td>0.000000</td>\n",
       "      <td>0.000204</td>\n",
       "      <td>5.000000</td>\n",
       "      <td>0.135000</td>\n",
       "      <td>-10.474000</td>\n",
       "      <td>1.000000</td>\n",
       "      <td>33.000000</td>\n",
       "      <td>0.045000</td>\n",
       "      <td>114.778000</td>\n",
       "      <td>0.544000</td>\n",
       "      <td>1978.000000</td>\n",
       "    </tr>\n",
       "    <tr>\n",
       "      <th>75%</th>\n",
       "      <td>0.888000</td>\n",
       "      <td>0.667000</td>\n",
       "      <td>2.629600e+05</td>\n",
       "      <td>0.710000</td>\n",
       "      <td>0.000000</td>\n",
       "      <td>0.086800</td>\n",
       "      <td>8.000000</td>\n",
       "      <td>0.263000</td>\n",
       "      <td>-7.118000</td>\n",
       "      <td>1.000000</td>\n",
       "      <td>48.000000</td>\n",
       "      <td>0.075400</td>\n",
       "      <td>135.712000</td>\n",
       "      <td>0.749000</td>\n",
       "      <td>1999.000000</td>\n",
       "    </tr>\n",
       "    <tr>\n",
       "      <th>max</th>\n",
       "      <td>0.996000</td>\n",
       "      <td>0.988000</td>\n",
       "      <td>5.403500e+06</td>\n",
       "      <td>1.000000</td>\n",
       "      <td>1.000000</td>\n",
       "      <td>1.000000</td>\n",
       "      <td>11.000000</td>\n",
       "      <td>1.000000</td>\n",
       "      <td>3.855000</td>\n",
       "      <td>1.000000</td>\n",
       "      <td>100.000000</td>\n",
       "      <td>0.969000</td>\n",
       "      <td>244.091000</td>\n",
       "      <td>1.000000</td>\n",
       "      <td>2020.000000</td>\n",
       "    </tr>\n",
       "  </tbody>\n",
       "</table>\n",
       "</div>"
      ],
      "text/plain": [
       "        acousticness   danceability   duration_ms         energy  \\\n",
       "count  169909.000000  169909.000000  1.699090e+05  169909.000000   \n",
       "mean        0.493214       0.538150  2.314062e+05       0.488593   \n",
       "std         0.376627       0.175346  1.213219e+05       0.267390   \n",
       "min         0.000000       0.000000  5.108000e+03       0.000000   \n",
       "25%         0.094500       0.417000  1.710400e+05       0.263000   \n",
       "50%         0.492000       0.548000  2.086000e+05       0.481000   \n",
       "75%         0.888000       0.667000  2.629600e+05       0.710000   \n",
       "max         0.996000       0.988000  5.403500e+06       1.000000   \n",
       "\n",
       "            explicit  instrumentalness            key       liveness  \\\n",
       "count  169909.000000     169909.000000  169909.000000  169909.000000   \n",
       "mean        0.084863          0.161937       5.200519       0.206690   \n",
       "std         0.278679          0.309329       3.515257       0.176796   \n",
       "min         0.000000          0.000000       0.000000       0.000000   \n",
       "25%         0.000000          0.000000       2.000000       0.098400   \n",
       "50%         0.000000          0.000204       5.000000       0.135000   \n",
       "75%         0.000000          0.086800       8.000000       0.263000   \n",
       "max         1.000000          1.000000      11.000000       1.000000   \n",
       "\n",
       "            loudness           mode     popularity    speechiness  \\\n",
       "count  169909.000000  169909.000000  169909.000000  169909.000000   \n",
       "mean      -11.370289       0.708556      31.556610       0.094058   \n",
       "std         5.666765       0.454429      21.582614       0.149937   \n",
       "min       -60.000000       0.000000       0.000000       0.000000   \n",
       "25%       -14.470000       0.000000      12.000000       0.034900   \n",
       "50%       -10.474000       1.000000      33.000000       0.045000   \n",
       "75%        -7.118000       1.000000      48.000000       0.075400   \n",
       "max         3.855000       1.000000     100.000000       0.969000   \n",
       "\n",
       "               tempo        valence           year  \n",
       "count  169909.000000  169909.000000  169909.000000  \n",
       "mean      116.948017       0.532095    1977.223231  \n",
       "std        30.726937       0.262408      25.593168  \n",
       "min         0.000000       0.000000    1921.000000  \n",
       "25%        93.516000       0.322000    1957.000000  \n",
       "50%       114.778000       0.544000    1978.000000  \n",
       "75%       135.712000       0.749000    1999.000000  \n",
       "max       244.091000       1.000000    2020.000000  "
      ]
     },
     "execution_count": 85,
     "metadata": {},
     "output_type": "execute_result"
    }
   ],
   "source": [
    "data.describe()"
   ]
  },
  {
   "cell_type": "code",
   "execution_count": 4,
   "metadata": {},
   "outputs": [
    {
     "name": "stdout",
     "output_type": "stream",
     "text": [
      "Category Columns    : ['artists', 'id', 'name', 'release_date']\n",
      "Continuous Columns  : ['acousticness', 'danceability', 'energy', 'instrumentalness', 'liveness', 'loudness', 'speechiness', 'tempo', 'valence']\n",
      "Discrete Columns    : ['duration_ms', 'explicit', 'key', 'mode', 'popularity', 'year']\n"
     ]
    }
   ],
   "source": [
    "cat_cols = [cols for cols in data if data[cols].dtypes=='O']                    #checking category columns\n",
    "num_cols = [cols for cols in data if data[cols].dtypes=='float64']              #checking continuous columns\n",
    "int_cols = [cols for cols in data if data[cols].dtypes=='int64']                #checking discrete columns\n",
    "print('Category Columns    :',cat_cols)\n",
    "print('Continuous Columns  :',num_cols)\n",
    "print('Discrete Columns    :',int_cols)"
   ]
  },
  {
   "cell_type": "code",
   "execution_count": 87,
   "metadata": {
    "scrolled": false
   },
   "outputs": [
    {
     "data": {
      "text/html": [
       "<div>\n",
       "<style scoped>\n",
       "    .dataframe tbody tr th:only-of-type {\n",
       "        vertical-align: middle;\n",
       "    }\n",
       "\n",
       "    .dataframe tbody tr th {\n",
       "        vertical-align: top;\n",
       "    }\n",
       "\n",
       "    .dataframe thead th {\n",
       "        text-align: right;\n",
       "    }\n",
       "</style>\n",
       "<table border=\"1\" class=\"dataframe\">\n",
       "  <thead>\n",
       "    <tr style=\"text-align: right;\">\n",
       "      <th></th>\n",
       "      <th>acousticness</th>\n",
       "      <th>danceability</th>\n",
       "      <th>duration_ms</th>\n",
       "      <th>energy</th>\n",
       "      <th>explicit</th>\n",
       "      <th>instrumentalness</th>\n",
       "      <th>key</th>\n",
       "      <th>liveness</th>\n",
       "      <th>loudness</th>\n",
       "      <th>mode</th>\n",
       "      <th>popularity</th>\n",
       "      <th>speechiness</th>\n",
       "      <th>tempo</th>\n",
       "      <th>valence</th>\n",
       "      <th>year</th>\n",
       "    </tr>\n",
       "  </thead>\n",
       "  <tbody>\n",
       "    <tr>\n",
       "      <th>acousticness</th>\n",
       "      <td>1.000000</td>\n",
       "      <td>-0.265950</td>\n",
       "      <td>-0.079311</td>\n",
       "      <td>-0.750283</td>\n",
       "      <td>-0.253690</td>\n",
       "      <td>0.335821</td>\n",
       "      <td>-0.021686</td>\n",
       "      <td>-0.023871</td>\n",
       "      <td>-0.567072</td>\n",
       "      <td>0.046475</td>\n",
       "      <td>-0.593345</td>\n",
       "      <td>-0.056077</td>\n",
       "      <td>-0.204982</td>\n",
       "      <td>-0.185540</td>\n",
       "      <td>-0.624550</td>\n",
       "    </tr>\n",
       "    <tr>\n",
       "      <th>danceability</th>\n",
       "      <td>-0.265950</td>\n",
       "      <td>1.000000</td>\n",
       "      <td>-0.134500</td>\n",
       "      <td>0.220569</td>\n",
       "      <td>0.241891</td>\n",
       "      <td>-0.281429</td>\n",
       "      <td>0.022599</td>\n",
       "      <td>-0.105532</td>\n",
       "      <td>0.294170</td>\n",
       "      <td>-0.045306</td>\n",
       "      <td>0.221077</td>\n",
       "      <td>0.225305</td>\n",
       "      <td>-0.004872</td>\n",
       "      <td>0.560242</td>\n",
       "      <td>0.203430</td>\n",
       "    </tr>\n",
       "    <tr>\n",
       "      <th>duration_ms</th>\n",
       "      <td>-0.079311</td>\n",
       "      <td>-0.134500</td>\n",
       "      <td>1.000000</td>\n",
       "      <td>0.036396</td>\n",
       "      <td>-0.043811</td>\n",
       "      <td>0.084814</td>\n",
       "      <td>-0.003116</td>\n",
       "      <td>0.034270</td>\n",
       "      <td>-0.014687</td>\n",
       "      <td>-0.046981</td>\n",
       "      <td>0.063292</td>\n",
       "      <td>-0.058449</td>\n",
       "      <td>-0.028816</td>\n",
       "      <td>-0.198760</td>\n",
       "      <td>0.076293</td>\n",
       "    </tr>\n",
       "    <tr>\n",
       "      <th>energy</th>\n",
       "      <td>-0.750283</td>\n",
       "      <td>0.220569</td>\n",
       "      <td>0.036396</td>\n",
       "      <td>1.000000</td>\n",
       "      <td>0.142677</td>\n",
       "      <td>-0.287692</td>\n",
       "      <td>0.029984</td>\n",
       "      <td>0.126293</td>\n",
       "      <td>0.782982</td>\n",
       "      <td>-0.038355</td>\n",
       "      <td>0.497488</td>\n",
       "      <td>-0.045226</td>\n",
       "      <td>0.249936</td>\n",
       "      <td>0.350086</td>\n",
       "      <td>0.532419</td>\n",
       "    </tr>\n",
       "    <tr>\n",
       "      <th>explicit</th>\n",
       "      <td>-0.253690</td>\n",
       "      <td>0.241891</td>\n",
       "      <td>-0.043811</td>\n",
       "      <td>0.142677</td>\n",
       "      <td>1.000000</td>\n",
       "      <td>-0.138292</td>\n",
       "      <td>0.008578</td>\n",
       "      <td>0.039272</td>\n",
       "      <td>0.152695</td>\n",
       "      <td>-0.083221</td>\n",
       "      <td>0.214044</td>\n",
       "      <td>0.413074</td>\n",
       "      <td>0.011484</td>\n",
       "      <td>-0.022327</td>\n",
       "      <td>0.245227</td>\n",
       "    </tr>\n",
       "    <tr>\n",
       "      <th>instrumentalness</th>\n",
       "      <td>0.335821</td>\n",
       "      <td>-0.281429</td>\n",
       "      <td>0.084814</td>\n",
       "      <td>-0.287692</td>\n",
       "      <td>-0.138292</td>\n",
       "      <td>1.000000</td>\n",
       "      <td>-0.014268</td>\n",
       "      <td>-0.047397</td>\n",
       "      <td>-0.417033</td>\n",
       "      <td>-0.035051</td>\n",
       "      <td>-0.299829</td>\n",
       "      <td>-0.115735</td>\n",
       "      <td>-0.107570</td>\n",
       "      <td>-0.193929</td>\n",
       "      <td>-0.291571</td>\n",
       "    </tr>\n",
       "    <tr>\n",
       "      <th>key</th>\n",
       "      <td>-0.021686</td>\n",
       "      <td>0.022599</td>\n",
       "      <td>-0.003116</td>\n",
       "      <td>0.029984</td>\n",
       "      <td>0.008578</td>\n",
       "      <td>-0.014268</td>\n",
       "      <td>1.000000</td>\n",
       "      <td>-0.000106</td>\n",
       "      <td>0.021920</td>\n",
       "      <td>-0.112766</td>\n",
       "      <td>0.010675</td>\n",
       "      <td>0.015225</td>\n",
       "      <td>0.003148</td>\n",
       "      <td>0.029064</td>\n",
       "      <td>0.012503</td>\n",
       "    </tr>\n",
       "    <tr>\n",
       "      <th>liveness</th>\n",
       "      <td>-0.023871</td>\n",
       "      <td>-0.105532</td>\n",
       "      <td>0.034270</td>\n",
       "      <td>0.126293</td>\n",
       "      <td>0.039272</td>\n",
       "      <td>-0.047397</td>\n",
       "      <td>-0.000106</td>\n",
       "      <td>1.000000</td>\n",
       "      <td>0.052985</td>\n",
       "      <td>0.005393</td>\n",
       "      <td>-0.075293</td>\n",
       "      <td>0.147667</td>\n",
       "      <td>0.008124</td>\n",
       "      <td>-0.000426</td>\n",
       "      <td>-0.055839</td>\n",
       "    </tr>\n",
       "    <tr>\n",
       "      <th>loudness</th>\n",
       "      <td>-0.567072</td>\n",
       "      <td>0.294170</td>\n",
       "      <td>-0.014687</td>\n",
       "      <td>0.782982</td>\n",
       "      <td>0.152695</td>\n",
       "      <td>-0.417033</td>\n",
       "      <td>0.021920</td>\n",
       "      <td>0.052985</td>\n",
       "      <td>1.000000</td>\n",
       "      <td>-0.013147</td>\n",
       "      <td>0.466546</td>\n",
       "      <td>-0.105796</td>\n",
       "      <td>0.211114</td>\n",
       "      <td>0.308418</td>\n",
       "      <td>0.490118</td>\n",
       "    </tr>\n",
       "    <tr>\n",
       "      <th>mode</th>\n",
       "      <td>0.046475</td>\n",
       "      <td>-0.045306</td>\n",
       "      <td>-0.046981</td>\n",
       "      <td>-0.038355</td>\n",
       "      <td>-0.083221</td>\n",
       "      <td>-0.035051</td>\n",
       "      <td>-0.112766</td>\n",
       "      <td>0.005393</td>\n",
       "      <td>-0.013147</td>\n",
       "      <td>1.000000</td>\n",
       "      <td>-0.032854</td>\n",
       "      <td>-0.057493</td>\n",
       "      <td>0.014539</td>\n",
       "      <td>0.014727</td>\n",
       "      <td>-0.033084</td>\n",
       "    </tr>\n",
       "    <tr>\n",
       "      <th>popularity</th>\n",
       "      <td>-0.593345</td>\n",
       "      <td>0.221077</td>\n",
       "      <td>0.063292</td>\n",
       "      <td>0.497488</td>\n",
       "      <td>0.214044</td>\n",
       "      <td>-0.299829</td>\n",
       "      <td>0.010675</td>\n",
       "      <td>-0.075293</td>\n",
       "      <td>0.466546</td>\n",
       "      <td>-0.032854</td>\n",
       "      <td>1.000000</td>\n",
       "      <td>-0.135707</td>\n",
       "      <td>0.135047</td>\n",
       "      <td>0.009327</td>\n",
       "      <td>0.880724</td>\n",
       "    </tr>\n",
       "    <tr>\n",
       "      <th>speechiness</th>\n",
       "      <td>-0.056077</td>\n",
       "      <td>0.225305</td>\n",
       "      <td>-0.058449</td>\n",
       "      <td>-0.045226</td>\n",
       "      <td>0.413074</td>\n",
       "      <td>-0.115735</td>\n",
       "      <td>0.015225</td>\n",
       "      <td>0.147667</td>\n",
       "      <td>-0.105796</td>\n",
       "      <td>-0.057493</td>\n",
       "      <td>-0.135707</td>\n",
       "      <td>1.000000</td>\n",
       "      <td>-0.010070</td>\n",
       "      <td>0.056383</td>\n",
       "      <td>-0.120937</td>\n",
       "    </tr>\n",
       "    <tr>\n",
       "      <th>tempo</th>\n",
       "      <td>-0.204982</td>\n",
       "      <td>-0.004872</td>\n",
       "      <td>-0.028816</td>\n",
       "      <td>0.249936</td>\n",
       "      <td>0.011484</td>\n",
       "      <td>-0.107570</td>\n",
       "      <td>0.003148</td>\n",
       "      <td>0.008124</td>\n",
       "      <td>0.211114</td>\n",
       "      <td>0.014539</td>\n",
       "      <td>0.135047</td>\n",
       "      <td>-0.010070</td>\n",
       "      <td>1.000000</td>\n",
       "      <td>0.171182</td>\n",
       "      <td>0.137892</td>\n",
       "    </tr>\n",
       "    <tr>\n",
       "      <th>valence</th>\n",
       "      <td>-0.185540</td>\n",
       "      <td>0.560242</td>\n",
       "      <td>-0.198760</td>\n",
       "      <td>0.350086</td>\n",
       "      <td>-0.022327</td>\n",
       "      <td>-0.193929</td>\n",
       "      <td>0.029064</td>\n",
       "      <td>-0.000426</td>\n",
       "      <td>0.308418</td>\n",
       "      <td>0.014727</td>\n",
       "      <td>0.009327</td>\n",
       "      <td>0.056383</td>\n",
       "      <td>0.171182</td>\n",
       "      <td>1.000000</td>\n",
       "      <td>-0.029304</td>\n",
       "    </tr>\n",
       "    <tr>\n",
       "      <th>year</th>\n",
       "      <td>-0.624550</td>\n",
       "      <td>0.203430</td>\n",
       "      <td>0.076293</td>\n",
       "      <td>0.532419</td>\n",
       "      <td>0.245227</td>\n",
       "      <td>-0.291571</td>\n",
       "      <td>0.012503</td>\n",
       "      <td>-0.055839</td>\n",
       "      <td>0.490118</td>\n",
       "      <td>-0.033084</td>\n",
       "      <td>0.880724</td>\n",
       "      <td>-0.120937</td>\n",
       "      <td>0.137892</td>\n",
       "      <td>-0.029304</td>\n",
       "      <td>1.000000</td>\n",
       "    </tr>\n",
       "  </tbody>\n",
       "</table>\n",
       "</div>"
      ],
      "text/plain": [
       "                  acousticness  danceability  duration_ms    energy  explicit  \\\n",
       "acousticness          1.000000     -0.265950    -0.079311 -0.750283 -0.253690   \n",
       "danceability         -0.265950      1.000000    -0.134500  0.220569  0.241891   \n",
       "duration_ms          -0.079311     -0.134500     1.000000  0.036396 -0.043811   \n",
       "energy               -0.750283      0.220569     0.036396  1.000000  0.142677   \n",
       "explicit             -0.253690      0.241891    -0.043811  0.142677  1.000000   \n",
       "instrumentalness      0.335821     -0.281429     0.084814 -0.287692 -0.138292   \n",
       "key                  -0.021686      0.022599    -0.003116  0.029984  0.008578   \n",
       "liveness             -0.023871     -0.105532     0.034270  0.126293  0.039272   \n",
       "loudness             -0.567072      0.294170    -0.014687  0.782982  0.152695   \n",
       "mode                  0.046475     -0.045306    -0.046981 -0.038355 -0.083221   \n",
       "popularity           -0.593345      0.221077     0.063292  0.497488  0.214044   \n",
       "speechiness          -0.056077      0.225305    -0.058449 -0.045226  0.413074   \n",
       "tempo                -0.204982     -0.004872    -0.028816  0.249936  0.011484   \n",
       "valence              -0.185540      0.560242    -0.198760  0.350086 -0.022327   \n",
       "year                 -0.624550      0.203430     0.076293  0.532419  0.245227   \n",
       "\n",
       "                  instrumentalness       key  liveness  loudness      mode  \\\n",
       "acousticness              0.335821 -0.021686 -0.023871 -0.567072  0.046475   \n",
       "danceability             -0.281429  0.022599 -0.105532  0.294170 -0.045306   \n",
       "duration_ms               0.084814 -0.003116  0.034270 -0.014687 -0.046981   \n",
       "energy                   -0.287692  0.029984  0.126293  0.782982 -0.038355   \n",
       "explicit                 -0.138292  0.008578  0.039272  0.152695 -0.083221   \n",
       "instrumentalness          1.000000 -0.014268 -0.047397 -0.417033 -0.035051   \n",
       "key                      -0.014268  1.000000 -0.000106  0.021920 -0.112766   \n",
       "liveness                 -0.047397 -0.000106  1.000000  0.052985  0.005393   \n",
       "loudness                 -0.417033  0.021920  0.052985  1.000000 -0.013147   \n",
       "mode                     -0.035051 -0.112766  0.005393 -0.013147  1.000000   \n",
       "popularity               -0.299829  0.010675 -0.075293  0.466546 -0.032854   \n",
       "speechiness              -0.115735  0.015225  0.147667 -0.105796 -0.057493   \n",
       "tempo                    -0.107570  0.003148  0.008124  0.211114  0.014539   \n",
       "valence                  -0.193929  0.029064 -0.000426  0.308418  0.014727   \n",
       "year                     -0.291571  0.012503 -0.055839  0.490118 -0.033084   \n",
       "\n",
       "                  popularity  speechiness     tempo   valence      year  \n",
       "acousticness       -0.593345    -0.056077 -0.204982 -0.185540 -0.624550  \n",
       "danceability        0.221077     0.225305 -0.004872  0.560242  0.203430  \n",
       "duration_ms         0.063292    -0.058449 -0.028816 -0.198760  0.076293  \n",
       "energy              0.497488    -0.045226  0.249936  0.350086  0.532419  \n",
       "explicit            0.214044     0.413074  0.011484 -0.022327  0.245227  \n",
       "instrumentalness   -0.299829    -0.115735 -0.107570 -0.193929 -0.291571  \n",
       "key                 0.010675     0.015225  0.003148  0.029064  0.012503  \n",
       "liveness           -0.075293     0.147667  0.008124 -0.000426 -0.055839  \n",
       "loudness            0.466546    -0.105796  0.211114  0.308418  0.490118  \n",
       "mode               -0.032854    -0.057493  0.014539  0.014727 -0.033084  \n",
       "popularity          1.000000    -0.135707  0.135047  0.009327  0.880724  \n",
       "speechiness        -0.135707     1.000000 -0.010070  0.056383 -0.120937  \n",
       "tempo               0.135047    -0.010070  1.000000  0.171182  0.137892  \n",
       "valence             0.009327     0.056383  0.171182  1.000000 -0.029304  \n",
       "year                0.880724    -0.120937  0.137892 -0.029304  1.000000  "
      ]
     },
     "execution_count": 87,
     "metadata": {},
     "output_type": "execute_result"
    }
   ],
   "source": [
    "data.corr()"
   ]
  },
  {
   "cell_type": "code",
   "execution_count": 88,
   "metadata": {},
   "outputs": [
    {
     "data": {
      "text/html": [
       "<div>\n",
       "<style scoped>\n",
       "    .dataframe tbody tr th:only-of-type {\n",
       "        vertical-align: middle;\n",
       "    }\n",
       "\n",
       "    .dataframe tbody tr th {\n",
       "        vertical-align: top;\n",
       "    }\n",
       "\n",
       "    .dataframe thead th {\n",
       "        text-align: right;\n",
       "    }\n",
       "</style>\n",
       "<table border=\"1\" class=\"dataframe\">\n",
       "  <thead>\n",
       "    <tr style=\"text-align: right;\">\n",
       "      <th></th>\n",
       "      <th>valence</th>\n",
       "      <th>danceability</th>\n",
       "    </tr>\n",
       "  </thead>\n",
       "  <tbody>\n",
       "    <tr>\n",
       "      <th>valence</th>\n",
       "      <td>1.000000</td>\n",
       "      <td>0.560242</td>\n",
       "    </tr>\n",
       "    <tr>\n",
       "      <th>danceability</th>\n",
       "      <td>0.560242</td>\n",
       "      <td>1.000000</td>\n",
       "    </tr>\n",
       "  </tbody>\n",
       "</table>\n",
       "</div>"
      ],
      "text/plain": [
       "               valence  danceability\n",
       "valence       1.000000      0.560242\n",
       "danceability  0.560242      1.000000"
      ]
     },
     "execution_count": 88,
     "metadata": {},
     "output_type": "execute_result"
    }
   ],
   "source": [
    "data[['valence', 'danceability']].corr()"
   ]
  },
  {
   "cell_type": "code",
   "execution_count": 89,
   "metadata": {},
   "outputs": [
    {
     "data": {
      "text/html": [
       "<div>\n",
       "<style scoped>\n",
       "    .dataframe tbody tr th:only-of-type {\n",
       "        vertical-align: middle;\n",
       "    }\n",
       "\n",
       "    .dataframe tbody tr th {\n",
       "        vertical-align: top;\n",
       "    }\n",
       "\n",
       "    .dataframe thead th {\n",
       "        text-align: right;\n",
       "    }\n",
       "</style>\n",
       "<table border=\"1\" class=\"dataframe\">\n",
       "  <thead>\n",
       "    <tr style=\"text-align: right;\">\n",
       "      <th></th>\n",
       "      <th>loudness</th>\n",
       "      <th>energy</th>\n",
       "      <th>tempo</th>\n",
       "    </tr>\n",
       "  </thead>\n",
       "  <tbody>\n",
       "    <tr>\n",
       "      <th>loudness</th>\n",
       "      <td>1.000000</td>\n",
       "      <td>0.782982</td>\n",
       "      <td>0.211114</td>\n",
       "    </tr>\n",
       "    <tr>\n",
       "      <th>energy</th>\n",
       "      <td>0.782982</td>\n",
       "      <td>1.000000</td>\n",
       "      <td>0.249936</td>\n",
       "    </tr>\n",
       "    <tr>\n",
       "      <th>tempo</th>\n",
       "      <td>0.211114</td>\n",
       "      <td>0.249936</td>\n",
       "      <td>1.000000</td>\n",
       "    </tr>\n",
       "  </tbody>\n",
       "</table>\n",
       "</div>"
      ],
      "text/plain": [
       "          loudness    energy     tempo\n",
       "loudness  1.000000  0.782982  0.211114\n",
       "energy    0.782982  1.000000  0.249936\n",
       "tempo     0.211114  0.249936  1.000000"
      ]
     },
     "execution_count": 89,
     "metadata": {},
     "output_type": "execute_result"
    }
   ],
   "source": [
    "data[['loudness', 'energy','tempo']].corr()"
   ]
  },
  {
   "cell_type": "code",
   "execution_count": 90,
   "metadata": {},
   "outputs": [
    {
     "data": {
      "text/plain": [
       "Summertime                                 62\n",
       "Overture                                   43\n",
       "Home                                       40\n",
       "Stay                                       34\n",
       "You                                        33\n",
       "                                           ..\n",
       "Que Le Importa al Mundo - Remasterizado     1\n",
       "Back to the Old House - 2011 Remaster       1\n",
       "Where's the Mate for Me?                    1\n",
